27
30
35
17
38
17
5
4
2
32
35
6
37
37
24
37
29
16
37
38
24
5
9
23
31
5
27
39
5
6
4
36
24
21
30
15
37
35
17
13
17
42
42
16
42
17
2
9
26
25
31
42
40
28
2
32
34
36
30
41
6
13
37
1
37
33
9
14
26
32
16
11
25
32
26
41
17
8
19
8
39
3
26
34
22
17
41
32
19
3
37
12
5
40
39
11
31
25
32
19
15
20
33
22
15
22
20
28
27
8
11
11
11
41
1
41
11
41
41
41
41
41
41
41
41
41
41
41
41
41
41
19
40
40
40
40
40
1
1
1
1
1
1
1
1
1
15
15
1
1
15
15
15
15
15
15
15
15
15
15
15
15
15
15
15
15
15
15
1
13
13
13
13
13
13
42
42
42
42
42
42
42
42
42
42
42
42
42
42
42
42
42
42
42
42
42
42
42
42
42
42
42
42
42
42
42
42
42
42
42
42
42
42
42
42
42
42
42
42
42
42
42
42
42
42
42
42
42
42
42
42
42
42
42
42
42
42
42
42
42
42
42
42
42
42
42
42
42
42
42
42
42
42
42
42
42
42
42
42
42
42
42
42
42
42
3
3
3
3
3
3
3
3
3
3
3
3
3
3
3
3
3
3
3
3
3
3
3
3
3
3
3
3
3
3
4
3
3
3
3
3
3
3
3
3
3
3
3
3
12
12
12
12
12
12
12
12
12
12
12
12
12
12
12
12
12
9
9
9
9
9
9
30
6
9
9
3
9
9
9
9
9
9
9
9
9
9
9
9
9
9
9
23
9
9
9
30
9
9
9
9
9
9
9
9
9
9
23
9
9
9
8
30
9
9
9
9
9
9
9
39
39
39
39
39
39
39
39
39
39
39
39
39
39
39
39
39
39
39
39
39
39
39
39
39
39
39
39
39
39
39
39
39
39
39
39
39
39
39
39
39
39
39
39
39
26
26
26
26
26
26
26
26
26
26
26
26
26
26
26
26
26
26
26
26
26
26
26
26
26
26
26
26
26
26
26
26
26
26
26
26
26
26
26
26
26
26
26
26
26
26
26
26
26
26
26
26
26
26
26
26
26
26
26
26
26
26
26
26
26
26
26
26
26
26
26
26
26
26
26
26
26
26
26
26
26
26
26
26
26
26
26
26
26
26
26
26
26
26
26
26
26
26
26
26
26
26
26
26
26
26
26
26
26
26
26
26
26
26
26
26
26
26
26
26
26
26
26
26
26
26
26
26
26
26
26
26
26
26
26
26
26
26
26
26
26
26
26
26
26
26
26
26
26
26
26
31
31
31
31
31
31
31
31
31
31
31
31
31
31
31
31
31
31
31
31
31
31
31
31
31
31
31
31
31
31
31
31
31
31
31
31
31
31
31
31
32
31
31
31
31
31
31
31
31
31
31
31
31
31
31
31
31
31
31
31
31
31
31
31
31
31
31
31
31
31
31
31
31
32
32
32
32
32
32
32
32
32
32
32
32
32
32
32
32
32
32
32
9
31
32
32
32
32
32
32
32
32
32
32
32
32
32
32
32
32
32
32
32
32
14
13
11
14
12
12
19
14
4
4
4
4
4
4
4
4
4
4
4
4
4
4
4
4
4
4
4
4
4
4
4
4
4
4
4
4
4
4
6
4
4
4
4
4
4
4
4
4
30
4
4
6
4
4
4
4
4
4
4
4
42
4
4
30
4
4
4
4
4
30
4
4
30
4
4
4
4
6
4
4
30
4
4
4
4
4
4
4
4
4
4
4
4
4
4
4
4
4
42
4
4
4
4
4
6
5
5
5
5
5
5
5
5
5
3
42
5
5
42
5
5
5
5
5
5
42
5
5
5
5
42
5
5
42
5
5
5
5
5
5
5
5
5
5
6
5
6
5
5
5
5
5
5
5
5
5
5
5
5
5
5
42
5
5
5
5
5
5
5
5
5
5
5
5
5
5
5
5
5
5
5
5
5
5
5
5
5
5
5
5
5
5
5
5
5
5
5
5
5
5
5
5
5
5
5
5
5
5
5
5
6
6
6
6
6
6
6
6
6
6
6
6
6
6
6
6
6
6
6
6
6
6
6
6
6
6
6
6
6
6
6
6
6
6
6
6
6
6
6
6
6
6
6
6
6
6
6
6
6
6
6
6
6
6
6
6
6
42
6
6
6
6
6
6
6
6
6
6
6
6
7
7
7
8
8
8
8
8
27
8
8
33
10
10
10
19
19
19
19
19
19
19
19
19
19
19
19
19
19
19
19
19
19
19
11
11
11
19
11
11
11
19
19
11
11
11
19
19
41
11
16
16
16
16
16
16
16
16
16
16
16
16
16
16
16
16
16
17
17
17
17
17
17
17
17
17
17
17
17
17
17
17
17
17
17
17
17
17
17
18
18
17
18
18
18
17
18
17
17
17
18
18
18
17
18
2
17
17
18
18
17
18
18
18
17
18
17
17
18
18
18
17
17
17
18
18
17
17
17
18
17
17
17
18
18
17
18
17
17
17
18
17
17
2
17
17
18
17
17
17
17
17
17
17
17
17
18
18
24
24
24
24
24
28
24
24
24
24
24
24
24
24
24
24
24
24
24
24
24
24
24
24
24
24
24
24
24
24
24
24
24
24
24
24
24
24
24
24
24
24
24
24
24
24
24
24
24
24
24
24
24
24
24
24
24
24
24
24
24
24
24
24
24
24
24
24
24
24
24
24
24
24
24
24
24
24
24
24
24
24
25
25
25
25
25
25
25
25
25
25
25
25
25
25
25
25
25
25
25
25
25
21
22
22
20
20
21
21
21
20
20
36
20
20
20
20
20
21
21
21
21
21
22
21
21
23
23
23
23
23
23
23
23
18
22
22
22
22
22
22
22
28
28
28
28
28
25
28
28
34
28
28
28
27
28
28
28
28
28
34
28
33
27
27
28
27
33
33
27
28
28
27
2
2
2
2
2
2
2
2
2
2
2
2
2
2
2
2
2
2
2
2
18
2
2
2
2
2
2
2
2
2
11
17
2
2
2
2
2
2
2
2
2
2
2
17
13
2
2
2
2
2
2
2
2
2
2
2
2
17
2
2
2
3
3
3
3
3
3
3
3
3
3
3
3
3
3
3
3
3
3
3
3
3
3
3
3
3
3
3
3
3
3
3
3
3
3
3
3
3
42
3
3
3
3
32
3
3
3
3
3
3
3
3
3
29
3
32
3
3
3
23
3
3
3
3
3
3
3
3
3
32
3
3
3
3
3
3
3
3
3
3
3
3
3
3
3
3
3
3
3
3
3
3
3
3
3
30
3
3
3
3
3
23
3
3
3
3
3
3
3
23
3
3
3
3
3
3
3
3
3
3
3
3
3
3
3
3
3
3
3
3
3
3
34
2
17
6
7
23
23
15
15
15
35
28
33
34
28
34
34
34
34
34
33
34
34
34
34
34
34
34
34
34
34
34
33
33
33
34
33
34
24
25
33
26
26
26
26
26
30
6
30
30
34
30
30
30
30
39
30
30
29
29
29
29
29
29
29
12
40
32
23
23
23
23
23
9
31
31
32
35
35
35
35
35
35
35
35
35
35
35
35
35
35
35
35
36
36
36
36
36
37
37
36
36
36
36
36
36
36
36
36
36
36
36
37
37
37
37
37
37
37
37
37
37
37
37
37
37
37
37
37
37
37
37
37
37
37
37
37
37
37
37
38
37
38
38
38
38
38
38
38
38
38
38
38
38
38
38
39
39
39
39
39
39
39
39
39
39
39
39
39
39
39
39
39
39
39
39
39
39
39
39
39
39
39
39
39
39
39
39
39
39
30
39
39
39
39
39
39
39
24
39
39
39
39
39
39
1
42
42
42
12
8
37
35
33
23
2
38
41
30
31
24
24
42
2
34
36
38
27
7
41
31
9
33
24
7
33
39
31
38
4
3
41
32
38
32
34
19
35
28
18
17
40
28
39
38
27
27
26
4
24
37
34
33
32
32
16
38
24
41
6
31
15
16
15
24
24
24
24
16
38
15
24
16
15
16
15
15
15
16
24
24
15
24
15
24
24
16
24
24
16
15
15
15
24
16
24
16
20
13
6
42
5
25
33
33
25
30
21
18
42
19
35
30
3
24
38
34
32
10
30
31
30
23
31
28
21
34
40
38
27
2
32
13
19
35
39
3
33
13
6
13
1
19
1
5
36
17
30
12
19
24
8
3
19
25
35
13
28
13
42
5
36
39
5
4
3
42
9
8
5
11
36
24
24
24
38
39
15
5
20
41
24
39
